=== HISTORIAL DE ENTRENAMIENTO ===
Fecha inicio: 2026-07-04 00:10:43
Fecha fin: 2026-07-04 02:25:16
Duracion total: 2:14:32.681679
Epocas ejecutadas: 100 / 450
Mejor epoca (modelo guardado, criterio = Dice mas alto): 75
Mejor Dice medio de validacion: 0.874888
Loss de validacion en esa epoca: 0.134979
Modelo guardado en: model_brats.pth

Hiperparametros:
  arquitectura: RadsUNet3D
  features: [32, 64, 128, 256]
  semilla: 42
  learning_rate_inicial: 0.0003
  weight_decay: 1e-05
  pasos_acumulacion: 8
  paciencia_early_stopping: 25
  num_epocas: 450
  criterio_guardado: mejor Dice medio de validacion
  convencion_dice: BraTS (ignore_empty=False)
  dispositivo: cuda

 Epoca |  Loss train |   Loss val |  Dice TC |  Dice WT |  Dice ET | Dice med |         LR | Guardado
     1 |    1.375691 |   1.521349 |   0.0276 |   0.3204 |   0.2909 |   0.2130 |   3.00e-04 | SI
     2 |    1.117706 |   1.425608 |   0.0408 |   0.6289 |   0.4244 |   0.3647 |   3.00e-04 | SI
     3 |    1.002680 |   1.355289 |   0.0445 |   0.7566 |   0.5540 |   0.4517 |   3.00e-04 | SI
     4 |    0.925086 |   1.298783 |   0.0584 |   0.7506 |   0.5410 |   0.4500 |   3.00e-04 | 
     5 |    0.866828 |   1.249543 |   0.0745 |   0.7508 |   0.6272 |   0.4842 |   3.00e-04 | SI
     6 |    0.801417 |   1.215430 |   0.1014 |   0.8308 |   0.6849 |   0.5390 |   3.00e-04 | SI
     7 |    0.755223 |   1.167294 |   0.1544 |   0.8311 |   0.7083 |   0.5646 |   3.00e-04 | SI
     8 |    0.716946 |   1.128613 |   0.2029 |   0.8492 |   0.6638 |   0.5720 |   3.00e-04 | SI
     9 |    0.680441 |   1.086216 |   0.3164 |   0.7639 |   0.6443 |   0.5749 |   3.00e-04 | SI
    10 |    0.657175 |   1.048183 |   0.4715 |   0.8552 |   0.7035 |   0.6767 |   3.00e-04 | SI
    11 |    0.618241 |   1.007714 |   0.5821 |   0.8467 |   0.7110 |   0.7133 |   3.00e-04 | SI
    12 |    0.590087 |   0.976130 |   0.5546 |   0.7832 |   0.6621 |   0.6666 |   3.00e-04 | 
    13 |    0.577347 |   0.932415 |   0.6199 |   0.8438 |   0.6823 |   0.7154 |   3.00e-04 | SI
    14 |    0.542834 |   0.901486 |   0.7804 |   0.8744 |   0.7847 |   0.8132 |   3.00e-04 | SI
    15 |    0.512959 |   0.861321 |   0.7967 |   0.8463 |   0.7699 |   0.8043 |   3.00e-04 | 
    16 |    0.492376 |   0.823780 |   0.7966 |   0.8767 |   0.7767 |   0.8167 |   3.00e-04 | SI
    17 |    0.466542 |   0.788986 |   0.7336 |   0.8620 |   0.7580 |   0.7845 |   3.00e-04 | 
    18 |    0.448698 |   0.760540 |   0.7175 |   0.8709 |   0.7349 |   0.7744 |   3.00e-04 | 
    19 |    0.423402 |   0.720936 |   0.8022 |   0.8735 |   0.7910 |   0.8222 |   3.00e-04 | SI
    20 |    0.406938 |   0.678533 |   0.8258 |   0.8662 |   0.8061 |   0.8327 |   3.00e-04 | SI
    21 |    0.389476 |   0.646904 |   0.7609 |   0.8719 |   0.7707 |   0.8012 |   3.00e-04 | 
    22 |    0.366811 |   0.618907 |   0.7615 |   0.8061 |   0.7417 |   0.7697 |   3.00e-04 | 
    23 |    0.350181 |   0.579137 |   0.8463 |   0.8743 |   0.7974 |   0.8393 |   3.00e-04 | SI
    24 |    0.335192 |   0.554730 |   0.8417 |   0.8752 |   0.8033 |   0.8401 |   3.00e-04 | SI
    25 |    0.330432 |   0.540662 |   0.8441 |   0.8438 |   0.7854 |   0.8244 |   3.00e-04 | 
    26 |    0.305102 |   0.495340 |   0.8260 |   0.8740 |   0.8103 |   0.8368 |   3.00e-04 | 
    27 |    0.295703 |   0.451740 |   0.7974 |   0.8722 |   0.7659 |   0.8118 |   3.00e-04 | 
    28 |    0.275170 |   0.428642 |   0.8577 |   0.8788 |   0.8100 |   0.8488 |   3.00e-04 | SI
    29 |    0.248619 |   0.393118 |   0.8598 |   0.8843 |   0.8108 |   0.8516 |   3.00e-04 | SI
    30 |    0.237419 |   0.371574 |   0.8739 |   0.8809 |   0.8183 |   0.8577 |   3.00e-04 | SI
    31 |    0.226508 |   0.365372 |   0.8718 |   0.8781 |   0.8141 |   0.8547 |   3.00e-04 | 
    32 |    0.214360 |   0.329364 |   0.8702 |   0.8807 |   0.8197 |   0.8568 |   3.00e-04 | 
    33 |    0.202522 |   0.309607 |   0.8682 |   0.8860 |   0.8098 |   0.8547 |   3.00e-04 | 
    34 |    0.200237 |   0.296795 |   0.8648 |   0.8840 |   0.8136 |   0.8541 |   3.00e-04 | 
    35 |    0.193306 |   0.293446 |   0.8685 |   0.8273 |   0.8072 |   0.8344 |   3.00e-04 | 
    36 |    0.189724 |   0.273803 |   0.8775 |   0.8844 |   0.8246 |   0.8622 |   3.00e-04 | SI
    37 |    0.181037 |   0.256679 |   0.8668 |   0.8843 |   0.8140 |   0.8551 |   3.00e-04 | 
    38 |    0.174150 |   0.246510 |   0.8720 |   0.8757 |   0.8215 |   0.8564 |   3.00e-04 | 
    39 |    0.167420 |   0.245235 |   0.8733 |   0.8782 |   0.8057 |   0.8524 |   3.00e-04 | 
    40 |    0.165034 |   0.236528 |   0.8796 |   0.8792 |   0.8219 |   0.8602 |   3.00e-04 | 
    41 |    0.159145 |   0.227591 |   0.8778 |   0.8895 |   0.8215 |   0.8629 |   3.00e-04 | SI
    42 |    0.159499 |   0.219689 |   0.8756 |   0.8631 |   0.8194 |   0.8527 |   3.00e-04 | 
    43 |    0.164366 |   0.239026 |   0.8480 |   0.8445 |   0.8055 |   0.8327 |   3.00e-04 | 
    44 |    0.157690 |   0.213373 |   0.8767 |   0.8796 |   0.8138 |   0.8567 |   3.00e-04 | 
    45 |    0.155602 |   0.221519 |   0.8401 |   0.8539 |   0.8054 |   0.8331 |   3.00e-04 | 
    46 |    0.164103 |   0.212305 |   0.8545 |   0.8759 |   0.8131 |   0.8479 |   3.00e-04 | 
    47 |    0.157428 |   0.209323 |   0.8614 |   0.8755 |   0.8152 |   0.8507 |   3.00e-04 | 
    48 |    0.144842 |   0.194477 |   0.8731 |   0.8804 |   0.8195 |   0.8577 |   3.00e-04 | 
    49 |    0.140663 |   0.188824 |   0.8797 |   0.8861 |   0.8247 |   0.8635 |   3.00e-04 | SI
    50 |    0.139496 |   0.180070 |   0.8885 |   0.8855 |   0.8244 |   0.8662 |   3.00e-04 | SI
    51 |    0.134231 |   0.177467 |   0.8795 |   0.8908 |   0.8261 |   0.8655 |   3.00e-04 | 
    52 |    0.131615 |   0.174412 |   0.8914 |   0.8860 |   0.8232 |   0.8669 |   3.00e-04 | SI
    53 |    0.128869 |   0.170894 |   0.8837 |   0.8878 |   0.8290 |   0.8668 |   3.00e-04 | 
    54 |    0.126071 |   0.175898 |   0.8747 |   0.8868 |   0.8231 |   0.8615 |   3.00e-04 | 
    55 |    0.124391 |   0.165545 |   0.8892 |   0.8884 |   0.8298 |   0.8691 |   3.00e-04 | SI
    56 |    0.122908 |   0.175999 |   0.8750 |   0.8890 |   0.8112 |   0.8584 |   3.00e-04 | 
    57 |    0.126941 |   0.163124 |   0.8847 |   0.8916 |   0.8275 |   0.8679 |   3.00e-04 | 
    58 |    0.123043 |   0.164382 |   0.8900 |   0.8839 |   0.8262 |   0.8667 |   3.00e-04 | 
    59 |    0.123724 |   0.161092 |   0.8758 |   0.8843 |   0.8239 |   0.8613 |   3.00e-04 | 
    60 |    0.123113 |   0.158399 |   0.8864 |   0.8876 |   0.8284 |   0.8674 |   3.00e-04 | 
    61 |    0.122719 |   0.157584 |   0.8843 |   0.8867 |   0.8267 |   0.8659 |   3.00e-04 | 
    62 |    0.122177 |   0.155159 |   0.8832 |   0.8847 |   0.8329 |   0.8669 |   3.00e-04 | 
    63 |    0.122871 |   0.153098 |   0.8866 |   0.8856 |   0.8339 |   0.8687 |   3.00e-04 | 
    64 |    0.118054 |   0.156602 |   0.8828 |   0.8801 |   0.8245 |   0.8625 |   3.00e-04 | 
    65 |    0.117134 |   0.154378 |   0.8799 |   0.8866 |   0.8255 |   0.8640 |   3.00e-04 | 
    66 |    0.113529 |   0.151173 |   0.8846 |   0.8875 |   0.8284 |   0.8668 |   3.00e-04 | 
    67 |    0.113804 |   0.155158 |   0.8839 |   0.8775 |   0.8252 |   0.8622 |   3.00e-04 | 
    68 |    0.114726 |   0.145155 |   0.8879 |   0.8916 |   0.8279 |   0.8691 |   3.00e-04 | 
    69 |    0.112077 |   0.152188 |   0.8748 |   0.8885 |   0.8231 |   0.8621 |   3.00e-04 | 
    70 |    0.109705 |   0.141883 |   0.8938 |   0.8852 |   0.8308 |   0.8699 |   3.00e-04 | SI
    71 |    0.109564 |   0.143718 |   0.8879 |   0.8858 |   0.8359 |   0.8699 |   3.00e-04 | 
    72 |    0.108069 |   0.139161 |   0.8891 |   0.8934 |   0.8307 |   0.8711 |   3.00e-04 | SI
    73 |    0.108538 |   0.140265 |   0.8904 |   0.8888 |   0.8307 |   0.8700 |   3.00e-04 | 
    74 |    0.106602 |   0.141789 |   0.8869 |   0.8911 |   0.8248 |   0.8676 |   3.00e-04 | 
    75 |    0.107493 |   0.134979 |   0.8961 |   0.8934 |   0.8352 |   0.8749 |   3.00e-04 | SI
    76 |    0.107843 |   0.138045 |   0.8916 |   0.8893 |   0.8305 |   0.8705 |   3.00e-04 | 
    77 |    0.105765 |   0.139594 |   0.8918 |   0.8908 |   0.8231 |   0.8686 |   3.00e-04 | 
    78 |    0.107097 |   0.147284 |   0.8749 |   0.8802 |   0.8247 |   0.8600 |   3.00e-04 | 
    79 |    0.104952 |   0.141069 |   0.8833 |   0.8881 |   0.8239 |   0.8651 |   3.00e-04 | 
    80 |    0.106696 |   0.134472 |   0.8948 |   0.8867 |   0.8363 |   0.8726 |   3.00e-04 | 
    81 |    0.104565 |   0.137076 |   0.8937 |   0.8777 |   0.8297 |   0.8670 |   3.00e-04 | 
    82 |    0.118771 |   0.161435 |   0.8562 |   0.8781 |   0.7860 |   0.8401 |   3.00e-04 | 
    83 |    0.115344 |   0.147054 |   0.8871 |   0.8535 |   0.8275 |   0.8560 |   3.00e-04 | 
    84 |    0.119411 |   0.145913 |   0.8620 |   0.8866 |   0.8189 |   0.8558 |   3.00e-04 | 
    85 |    0.132152 |   0.138403 |   0.8802 |   0.8855 |   0.8273 |   0.8644 |   3.00e-04 | 
    86 |    0.124344 |   0.141472 |   0.8717 |   0.8888 |   0.8282 |   0.8629 |   3.00e-04 | 
    87 |    0.118210 |   0.153196 |   0.8516 |   0.8837 |   0.8049 |   0.8467 |   3.00e-04 | 
    88 |    0.120885 |   0.156193 |   0.8575 |   0.8771 |   0.8127 |   0.8491 |   3.00e-04 | 
    89 |    0.109873 |   0.144906 |   0.8736 |   0.8849 |   0.8142 |   0.8576 |   3.00e-04 | 
    90 |    0.112027 |   0.147162 |   0.8594 |   0.8857 |   0.8192 |   0.8548 |   3.00e-04 | 
    91 |    0.111662 |   0.133554 |   0.8931 |   0.8869 |   0.8248 |   0.8683 |   3.00e-04 | 
    92 |    0.110052 |   0.134478 |   0.8831 |   0.8872 |   0.8309 |   0.8670 |   3.00e-04 | 
    93 |    0.106188 |   0.132660 |   0.8898 |   0.8831 |   0.8331 |   0.8687 |   3.00e-04 | 
    94 |    0.102190 |   0.129003 |   0.8928 |   0.8881 |   0.8301 |   0.8704 |   3.00e-04 | 
    95 |    0.101984 |   0.128459 |   0.8886 |   0.8903 |   0.8344 |   0.8711 |   3.00e-04 | 
    96 |    0.101458 |   0.130529 |   0.8894 |   0.8904 |   0.8275 |   0.8691 |   3.00e-04 | 
    97 |    0.099373 |   0.130832 |   0.8863 |   0.8880 |   0.8303 |   0.8682 |   3.00e-04 | 
    98 |    0.097749 |   0.128655 |   0.8902 |   0.8895 |   0.8334 |   0.8710 |   3.00e-04 | 
    99 |    0.099680 |   0.126786 |   0.8945 |   0.8880 |   0.8329 |   0.8718 |   3.00e-04 | 
   100 |    0.096885 |   0.128142 |   0.8934 |   0.8888 |   0.8297 |   0.8706 |   3.00e-04 | 
